37,33
37,32
0,442
37,31
0,315
37,30
0,314
34,75
34,74
37,8
37,7
34,72
36,244
36,243
36,242
36,241
36,240
36,239
36,238
36,237
36,236
0,313
36,235
36,234
36,233
36,232
36,231
36,230
36,229
36,228
36,227
36,226
36,225
36,224
36,223
36,222
36,221
36,220
36,219
36,218
36,217
36,216
36,215
0,306
36,214
36,213
36,212
36,211
36,210
36,209
36,208
36,207
36,206
36,205
36,204
36,203
36,202
36,201
36,200
36,199
36,198
36,197
36,196
36,195
36,318
36,383
36,382
36,381
36,380
36,379
36,378
36,377
0,304
0,302
36,376
36,375
36,374
36,317
36,316
36,315
0,471
0,470
0,468
0,467
36,373
36,372
36,371
36,314
36,370
36,369
36,368
36,367
36,366
36,365
35,9
0,465
0,464
36,364
36,363
36,362
36,194
36,193
36,192
36,361
36,360
36,359
36,358
36,357
36,356
36,355
36,354
36,353
36,352
0,463
36,351
36,350
36,349
36,348
41,7
41,6
36,347
36,346
36,345
36,344
36,313
36,343
34,110
34,109
34,108
34,107
34,106
34,105
34,104
34,103
34,102
34,101
0,462
64,35
3,1
3,3
10,158
10,156
10,22
10,196
10,114
10,20
10,142
10,184
10,2
10,3
11,28
11,16
11,21
11,30
48,3
48,1
42,2
42,1
42,0
41,5
41,4
41,3
9,7
9,4
9,1
9,6
41,2
41,1
9,2
41,0
36,342
36,341
36,340
36,339
36,338
36,337
36,336
36,335
36,334
36,333
36,332
9,3
36,331
36,330
36,329
36,328
36,327
36,326
36,325
36,324
36,323
36,322
36,321
36,320
36,312
36,311
36,310
36,309
36,308
36,307
36,306
36,305
36,304
36,303
36,302
36,301
36,300
36,299
36,298
36,297
36,296
36,295
36,294
36,293
36,292
8,6
8,9
8,11
8,12
36,291
36,290
36,289
36,288
36,287
36,286
36,285
36,284
36,283
36,282
36,281
